1.752034019078466467e-02
1.790943168676816660e-02
1.737359591892787339e-02
1.841511072651032602e-02
1.665378130715469002e-02
1.715570220760270770e-02
1.660302281379699707e-02
1.642020195722580095e-02
1.752564269052424989e-02
1.785415418827894160e-02
1.818179346217436640e-02
1.529163867235183716e-02
1.672964051608994904e-02
1.788475557609840727e-02
1.757004791992720569e-02
2.037587881088256947e-02
1.823631322608803770e-02
1.793105934941491286e-02
1.729820899243624671e-02
8.318377658724784851e-03
1.463872939348220825e-02
9.246171452105045319e-03
0.000000000000000000e+00
1.713627576828002930e-02
1.876915404290863815e-02
1.863105435973232138e-02
1.701320636840093770e-02
0.000000000000000000e+00
1.763200551661862209e-02
1.820504499806298304e-02
1.714387779715675908e-02
1.930428875817193080e-02
1.764633685727662674e-02
1.810906854875248689e-02
1.774707135267164157e-02
1.955985205747576630e-02
1.792990093162837376e-02
1.846940344563913552e-02
1.834694847805809492e-02
1.974560419718424456e-02
1.811212728052963294e-02
1.705501235534097673e-02
1.852847139040629185e-02
1.613513868430565060e-02
1.608345301254935841e-02
1.715115085244178772e-02
1.713013906140907830e-02
1.781912403877335474e-02
1.786481567293579653e-02
1.730769872665405273e-02
1.861478435386003383e-02
1.719562382621560997e-02
1.704035202662150181e-02
1.888492685228647036e-02
1.866248675755092026e-02
1.854675173759460366e-02
1.737086485879134334e-02
1.781756032854234229e-02
1.774922797554417606e-02
1.836554581505000366e-02
1.659991320441750809e-02
1.837597663956459099e-02
1.857532368498351558e-02
1.921982211726052520e-02
1.963333709248096803e-02
1.803610262663467995e-02
1.822524889705651879e-02
1.656561295191446778e-02
1.583031192421913147e-02
1.972647074839515083e-02
1.493390755993979392e-02
1.675729666437421675e-02
1.819833809015702214e-02
1.688838998476664341e-02
1.920533937121194495e-02
1.701630346032957306e-02
2.007537813328984927e-02
1.625327958001030956e-02
1.807057402516139277e-02
1.729597170141678950e-02
1.190519891679286957e-02
1.723506951037748203e-02
1.789110898971557617e-02
1.667373393898579498e-02
1.708471351173872915e-02
1.654932788900426860e-02
1.676680354748742025e-02
1.721813920189611824e-02
1.738453787915847024e-02
1.565075516700744490e-02
1.854830692077282656e-02
1.762500716443407903e-02
1.745490343482405948e-02
1.729096430484379499e-02
1.614915765821933746e-02
1.801467921635875949e-02
1.741595165965749425e-02
1.888065338134765556e-02
1.687558755179904141e-02
1.677755071689357447e-02
