7.836811640945338941e-02
2.140264093382978662e-03
5.568097663374755885e-04
6.283896572946603542e-04
1.138646394297465657e-03
4.081708178649173444e-03
1.483086004916617023e-04
2.053199534648073011e-04
2.831295278127237119e-03
6.094960995226506723e-02
2.315475411497202110e-02
6.133038273708635183e-05
8.573948005231729619e-03
5.614028468422026068e-04
1.820303687260246134e-02
2.003657911096374828e-03
1.047317414362777810e-02
3.429039795353218661e-03
1.587904075761325043e-02
4.120611166343619288e-05
1.602354466781297324e-04
4.086208550667987799e-05
1.998196400588683592e-05
1.665527400215568239e-04
6.597734730202234679e-04
2.057360034294581329e-03
4.178852655378426377e-04
1.995185255277172597e-05
4.584835729344443125e-03
3.656932379616199694e-04
3.151350941353998902e-03
9.248203423139877283e-04
4.735533035281173052e-03
6.482120270200488789e-03
3.455351756552418191e-02
2.324488723364080342e-02
5.589697061516558582e-03
1.463893168204313637e-02
5.236454088779848685e-03
5.370915033533141085e-03
8.041095487419920237e-03
2.114567158701572639e-03
1.486173166839605637e-03
6.030851075744125432e-04
4.598075331879544650e-04
1.626973687593985638e-04
1.294423062960168951e-02
3.928197432920846333e-03
2.732481034473897494e-02
1.012038386890827687e-04
3.100129052763842333e-02
1.494141399906656967e-02
5.586938313494394567e-04
1.958624967723936530e-02
7.202383570767165004e-04
3.992947348341292606e-03
3.250586242678429882e-02
3.538050151941275756e-02
2.277951886846027885e-03
5.933402257824825672e-03
1.185058699650129617e-02
3.948079815335104464e-02
1.774311166635576462e-02
1.117411002929754107e-03
1.165102874998470359e-02
1.144912848350633505e-02
4.977768294473847166e-02
1.797936357484169198e-03
2.406446861615409518e-04
4.212851341097255571e-03
1.421797455441802199e-04
8.680499257456296457e-04
7.821664653418198762e-03
9.591093764808125439e-04
1.255644217529505897e-03
3.320760681246492235e-02
3.992298352847835179e-03
4.492128735032879794e-03
1.571006904153965031e-02
3.103586094298193578e-03
8.095233324802335382e-05
8.068267037762123783e-03
5.121499753728219438e-03
1.071205717784111562e-02
4.089134481629722734e-02
2.960564856267821135e-03
5.855455301348649888e-03
5.183646075352481286e-02
1.361253383159089945e-03
2.030000849749125243e-04
1.029939446703136488e-02
3.776279144353894557e-02
4.311788101140093254e-03
2.137331458992443138e-03
8.188001449459631441e-05
1.456653938000020566e-03
1.958112854574758921e-02
1.094825837059532157e-03
3.010109799363267814e-03
2.238488535084060677e-02
