7.849000000000000421e-02
2.079999999999999818e-03
5.599999999999999509e-04
6.199999999999999999e-04
1.149999999999999981e-03
4.080000000000000293e-03
1.299999999999999886e-04
2.000000000000000096e-04
2.840000000000000076e-03
6.078999999999999682e-02
2.319999999999999840e-02
6.000000000000000152e-05
8.569999999999999493e-03
5.400000000000000069e-04
1.824999999999999886e-02
2.000000000000000042e-03
1.055999999999999994e-02
3.439999999999999915e-03
1.586999999999999869e-02
4.000000000000000327e-05
1.600000000000000131e-04
4.000000000000000327e-05
2.000000000000000164e-05
1.600000000000000131e-04
6.599999999999999964e-04
2.060000000000000199e-03
4.200000000000000174e-04
2.000000000000000164e-05
4.579999999999999870e-03
3.600000000000000227e-04
3.170000000000000075e-03
8.999999999999999754e-04
4.740000000000000289e-03
6.479999999999999649e-03
3.456000000000000044e-02
2.329000000000000167e-02
5.570000000000000298e-03
1.457999999999999921e-02
5.239999999999999866e-03
5.380000000000000233e-03
8.089999999999999969e-03
2.129999999999999949e-03
1.440000000000000091e-03
5.800000000000000034e-04
4.600000000000000139e-04
1.600000000000000131e-04
1.297000000000000063e-02
3.950000000000000386e-03
2.732000000000000053e-02
1.000000000000000048e-04
3.097000000000000100e-02
1.491999999999999924e-02
5.400000000000000069e-04
1.959999999999999937e-02
6.999999999999999929e-04
4.000000000000000083e-03
3.250000000000000111e-02
3.534999999999999948e-02
2.279999999999999909e-03
5.969999999999999613e-03
1.188999999999999953e-02
3.951999999999999957e-02
1.777000000000000107e-02
1.119999999999999902e-03
1.166000000000000023e-02
1.145999999999999970e-02
4.968999999999999806e-02
1.799999999999999951e-03
2.300000000000000070e-04
4.210000000000000200e-03
1.399999999999999877e-04
8.400000000000000348e-04
7.839999999999999747e-03
9.499999999999999981e-04
1.260000000000000052e-03
3.316999999999999810e-02
4.000000000000000083e-03
4.499999999999999660e-03
1.570999999999999827e-02
3.139999999999999996e-03
8.000000000000000654e-05
8.080000000000000376e-03
5.109999999999999959e-03
1.072000000000000036e-02
4.093000000000000110e-02
2.959999999999999958e-03
5.890000000000000270e-03
5.186000000000000332e-02
1.360000000000000098e-03
2.000000000000000096e-04
1.030000000000000013e-02
3.767999999999999822e-02
4.320000000000000055e-03
2.139999999999999975e-03
8.000000000000000654e-05
1.459999999999999926e-03
1.955000000000000140e-02
1.090000000000000040e-03
3.010000000000000089e-03
2.239000000000000018e-02
